7.663 -780.84804352
7.671 -780.85036469
7.679 -780.84944704
7.687 -780.85148747
7.694 -780.85244289
7.702 -780.85487815
7.710 -780.85629785
7.718 -780.85756078
7.726 -780.85908721
7.733 -780.86023906
7.741 -780.86102412
7.749 -780.86252733
7.757 -780.86360548
7.765 -780.86427683
7.773 -780.86554792
7.780 -780.86568487
7.788 -780.86732715
7.796 -780.86783256
7.804 -780.86833620
7.812 -780.86884165
7.820 -780.86857555
7.827 -780.86851510
7.835 -780.86910830
7.843 -780.86908106
7.851 -780.86853134
7.859 -780.86843292
7.866 -780.86777792
7.874 -780.86727127
7.882 -780.86740040
7.890 -780.86668919
7.898 -780.86643859
7.906 -780.86529974
7.913 -780.86529221
7.921 -780.86432570
7.929 -780.86312728
7.937 -780.86217404
7.945 -780.86124724
7.952 -780.85984952
7.960 -780.85943611
7.968 -780.85805099
7.976 -780.85701281
